12345
1103527590
59559187
1163074432
119106029
1222621274
178652871
1282168116
238199713
1341714958
297746555
1401261800
357293397
1460808642
416840239
1520355484
476387081
1579902326
535933923
1639449168
595480765
1698996010
655027607
1758542852
714574449
1818089694
774121291
1877636536
833668133
1937183378
893214975
1996730220
952761817
2056277062
1012308659
2115823904
1071855501
27887098
1131402343
87433940
1190949185
146980782
1250496027
206527624
1310042869
266074466
1369589711
325621308
1429136553
385168150
1488683395
444714992
1548230237
504261834
1607777079
563808676
1667323921
623355518
1726870763
682902360
1786417605
742449202
1845964447
801996044
1905511289
861542886
1965058131
921089728
2024604973
980636570
2084151815
1040183412
2143698657
1099730254
55761851
1159277096
115308693
1218823938
174855535
1278370780
234402377
1337917622
293949219
1397464464
353496061
1457011306
413042903
1516558148
472589745
1576104990
532136587
1635651832
591683429
1695198674
651230271
1754745516
710777113
1814292358
770323955
1873839200
829870797
1933386042
889417639
1992932884
948964481
2052479726
1008511323
2112026568
1068058165
24089762
1127605007
83636604
1187151849
143183446
1246698691
202730288
1306245533
262277130
1365792375
321823972
1425339217
381370814
1484886059
440917656
1544432901
500464498
1603979743
560011340
1663526585
619558182
1723073427
679105024
1782620269
738651866
1842167111
798198708
1901713953
857745550
1961260795
917292392
2020807637
976839234
2080354479
1036386076
2139901321
1095932918
51964515
1155479760
111511357
1215026602
171058199
1274573444
230605041
1334120286
290151883
1393667128
349698725
1453213970
409245567
1512760812
468792409
1572307654
528339251
1631854496
587886093
1691401338
647432935
1750948180
706979777
1810495022
766526619
1870041864
826073461
1929588706
885620303
1989135548
945167145
2048682390
1004713987
2108229232
1064260829
20292426
1123807671
79839268
1183354513
139386110
1242901355
198932952
1302448197
258479794
1361995039
318026636
1421541881
377573478
1481088723
437120320
1540635565
496667162
1600182407
556214004
1659729249
615760846
1719276091
675307688
1778822933
734854530
1838369775
794401372
1897916617
853948214
1957463459
913495056
2017010301
973041898
2076557143
1032588740
2136103985
1092135582
48167179
1151682424
107714021
1211229266
167260863
1270776108
226807705
1330322950
286354547
1389869792
345901389
1449416634
405448231
1508963476
464995073
1568510318
524541915
1628057160
584088757
1687604002
643635599
1747150844
703182441
1806697686
762729283
1866244528
822276125
1925791370
881822967
1985338212
941369809
2044885054
1000916651
2104431896
1060463493
16495090
1120010335
76041932
1179557177
135588774
1239104019
195135616
1298650861
254682458
1358197703
314229300
1417744545
373776142
1477291387
433322984
1536838229
492869826
1596385071
552416668
1655931913
611963510
1715478755
671510352
1775025597
731057194
1834572439
790604036
1894119281
850150878
1953666123
909697720
2013212965
969244562
2072759807
1028791404
2132306649
1088338246
44369843
1147885088
103916685
1207431930
163463527
1266978772
223010369
1326525614
282557211
1386072456
342104053
1445619298
401650895
1505166140
461197737
1564712982
520744579
1624259824
580291421
1683806666
639838263
1743353508
699385105
1802900350
758931947
1862447192
818478789
1921994034
878025631
1981540876
937572473
2041087718
997119315
2100634560
1056666157
12697754
1116212999
72244596
1175759841
131791438
1235306683
191338280
1294853525
250885122
1354400367
310431964
1413947209
369978806
1473494051
429525648
1533040893
489072490
1592587735
548619332
1652134577
608166174
1711681419
667713016
1771228261
727259858
1830775103
786806700
1890321945
846353542
1949868787
905900384
2009415629
965447226
2068962471
1024994068
2128509313
1084540910
40572507
1144087752
100119349
1203634594
159666191
1263181436
219213033
1322728278
278759875
1382275120
338306717
1441821962
397853559
1501368804
457400401
1560915646
516947243
1620462488
576494085
1680009330
636040927
1739556172
695587769
1799103014
755134611
1858649856
814681453
1918196698
874228295
1977743540
933775137
2037290382
993321979
2096837224
1052868821
8900418
1112415663
68447260
1171962505
127994102
1231509347
187540944
1291056189
247087786
1350603031
306634628
1410149873
366181470
1469696715
425728312
1529243557
485275154
1588790399
544821996
1648337241
604368838
1707884083
663915680
1767430925
723462522
1826977767
783009364
1886524609
842556206
1946071451
902103048
2005618293
961649890
2065165135
1021196732
2124711977
1080743574
36775171
1140290416
96322013
1199837258
155868855
1259384100
215415697
1318930942
274962539
1378477784
334509381
1438024626
394056223
1497571468
453603065
1557118310
513149907
1616665152
572696749
1676211994
632243591
1735758836
691790433
1795305678
751337275
1854852520
810884117
1914399362
870430959
1973946204
929977801
2033493046
989524643
2093039888
1049071485
5103082
1108618327
64649924
1168165169
124196766
1227712011
183743608
1287258853
243290450
1346805695
302837292
1406352537
362384134
1465899379
421930976
1525446221
481477818
1584993063
541024660
1644539905
600571502
1704086747
660118344
1763633589
719665186
1823180431
779212028
1882727273
838758870
1942274115
898305712
2001820957
957852554
2061367799
1017399396
2120914641
1076946238
32977835
1136493080
92524677
1196039922
152071519
1255586764
211618361
1315133606
271165203
1374680448
330712045
1434227290
390258887
1493774132
449805729
1553320974
509352571
1612867816
568899413
1672414658
628446255
1731961500
687993097
1791508342
747539939
1851055184
807086781
1910602026
866633623
1970148868
926180465
2029695710
985727307
2089242552
1045274149
1305746
1104820991
60852588
1164367833
120399430
1223914675
179946272
1283461517
239493114
1343008359
299039956
1402555201
358586798
1462102043
418133640
1521648885
477680482
1581195727
537227324
1640742569
596774166
1700289411
656321008
1759836253
715867850
1819383095
775414692
1878929937
834961534
1938476779
894508376
1998023621
954055218
2057570463
1013602060
2117117305
1073148902
29180499
1132695744
88727341
1192242586
148274183
1251789428
207821025
1311336270
267367867
1370883112
326914709
1430429954
386461551
1489976796
446008393
1549523638
505555235
1609070480
565102077
1668617322
624648919
1728164164
684195761
1787711006
743742603
1847257848
803289445
1906804690
862836287
1966351532
922383129
2025898374
981929971
2085445216
1041476813
2144992058
1101023655
57055252
1160570497
116602094
1220117339
176148936
1279664181
235695778
1339211023
295242620
1398757865
354789462
1458304707
414336304
1517851549
473883146
1577398391
533429988
1636945233
592976830
1696492075
652523672
1756038917
712070514
1815585759
771617356
1875132601
831164198
1934679443
890711040
1994226285
950257882
2053773127
1009804724
2113319969
1069351566
25383163
1128898408
84930005
1188445250
144476847
1247992092
204023689
1307538934
263570531
1367085776
323117373
1426632618
382664215
1486179460
442211057
1545726302
501757899
1605273144
561304741
1664819986
620851583
1724366828
680398425
1783913670
739945267
1843460512
799492109
1903007354
859038951
1962554196
918585793
2022101038
978132635
2081647880
1037679477
2141194722
1097226319
53257916
1156773161
112804758
1216320003
172351600
1275866845
231898442
1335413687
291445284
1394960529
350992126
1454507371
410538968
1514054213
470085810
1573601055
529632652
1633147897
589179494
1692694739
648726336
1752241581
708273178
1811788423
767820020
1871335265
827366862
1930882107
886913704
1990428949
946460546
2049975791
1006007388
2109522633
1065554230
21585827
1125101072
81132669
1184647914
140679511
1244194756
200226353
1303741598
259773195
1363288440
319320037
1422835282
378866879
1482382124
438413721
1541928966
497960563
1601475808
557507405
1661022650
617054247
1720569492
676601089
1780116334
736147931
1839663176
795694773
1899210018
855241615
1958756860
914788457
2018303702
974335299
2077850544
1033882141
2137397386
1093428983
49460580
1152975825
109007422
1212522667
168554264
1272069509
228101106
1331616351
287647948
1391163193
347194790
1450710035
406741632
1510256877
466288474
1569803719
525835316
1629350561
585382158
1688897403
644929000
1748444245
704475842
1807991087
764022684
1867537929
823569526
1927084771
883116368
1986631613
942663210
2046178455
1002210052
2105725297
1061756894
17788491
1121303736
77335333
1180850578
136882175
1240397420
196429017
1299944262
255975859
1359491104
315522701
1419037946
375069543
1478584788
434616385
1538131630
494163227
1597678472
553710069
1657225314
613256911
1716772156
672803753
1776318998
732350595
1835865840
791897437
1895412682
851444279
1954959524
910991121
2014506366
970537963
2074053208
1030084805
2133600050
1089631647
45663244
1149178489
105210086
1208725331
164756928
1268272173
224303770
1327819015
283850612
1387365857
343397454
1446912699
402944296
1506459541
462491138
1566006383
522037980
1625553225
581584822
1685100067
641131664
1744646909
700678506
1804193751
760225348
1863740593
819772190
1923287435
879319032
1982834277
938865874
2042381119
998412716
2101927961
1057959558
13991155
1117506400
73537997
1177053242
133084839
1236600084
192631681
1296146926
252178523
1355693768
311725365
1415240610
371272207
1474787452
430819049
1534334294
490365891
1593881136
549912733
1653427978
609459575
1712974820
669006417
1772521662
728553259
1832068504
788100101
1891615346
847646943
1951162188
907193785
2010709030
966740627
2070255872
1026287469
2129802714
1085834311
41865908
1145381153
101412750
1204927995
160959592
1264474837
220506434
1324021679
280053276
1383568521
339600118
1443115363
399146960
1502662205
458693802
1562209047
518240644
1621755889
577787486
1681302731
637334328
1740849573
696881170
1800396415
756428012
1859943257
815974854
1919490099
875521696
1979036941
935068538
2038583783
994615380
2098130625
1054162222
10193819
1113709064
69740661
1173255906
129287503
1232802748
188834345
1292349590
248381187
1351896432
307928029
1411443274
367474871
1470990116
427021713
1530536958
486568555
1590083800
546115397
1649630642
605662239
1709177484
665209081
1768724326
724755923
1828271168
784302765
1887818010
843849607
1947364852
903396449
2006911694
962943291
2066458536
1022490133
2126005378
1082036975
38068572
1141583817
97615414
1201130659
157162256
1260677501
216709098
1320224343
276255940
1379771185
335802782
1439318027
395349624
1498864869
454896466
1558411711
514443308
1617958553
573990150
1677505395
633536992
1737052237
693083834
1796599079
752630676
1856145921
812177518
1915692763
871724360
1975239605
931271202
2034786447
990818044
2094333289
1050364886
6396483
1109911728
65943325
1169458570
125490167
1229005412
185037009
1288552254
244583851
1348099096
304130693
1407645938
363677535
1467192780
423224377
1526739622
482771219
1586286464
542318061
1645833306
601864903
1705380148
661411745
1764926990
720958587
1824473832
780505429
1884020674
840052271
1943567516
899599113
2003114358
959145955
2062661200
1018692797
2122208042
1078239639
34271236
1137786481
93818078
1197333323
153364920
1256880165
212911762
1316427007
272458604
1375973849
332005446
1435520691
391552288
1495067533
451099130
1554614375
510645972
1614161217
570192814
1673708059
629739656
1733254901
689286498
1792801743
748833340
1852348585
808380182
1911895427
867927024
1971442269
927473866
2030989111
987020708
2090535953
1046567550
2599147
1106114392
62145989
1165661234
121692831
1225208076
181239673
1284754918
240786515
1344301760
300333357
1403848602
359880199
1463395444
419427041
1522942286
478973883
1582489128
538520725
1642035970
598067567
1701582812
657614409
1761129654
717161251
1820676496
776708093
1880223338
836254935
1939770180
895801777
1999317022
955348619
2058863864
1014895461
2118410706
1074442303
30473900
1133989145
90020742
1193535987
149567584
1253082829
209114426
1312629671
268661268
1372176513
328208110
1431723355
387754952
1491270197
447301794
1550817039
506848636
1610363881
566395478
1669910723
625942320
1729457565
685489162
1789004407
745036004
1848551249
804582846
1908098091
864129688
1967644933
923676530
2027191775
983223372
2086738617
1042770214
2146285459
1102317056
58348653
1161863898
117895495
1221410740
177442337
1280957582
236989179
1340504424
296536021
1400051266
356082863
1459598108
415629705
1519144950
475176547
1578691792
534723389
1638238634
594270231
1697785476
653817073
1757332318
713363915
1816879160
772910757
1876426002
832457599
1935972844
892004441
1995519686
951551283
2055066528
1011098125
2114613370
1070644967
26676564
1130191809
86223406
1189738651
145770248
1249285493
205317090
1308832335
264863932
1368379177
324410774
1427926019
383957616
1487472861
443504458
1547019703
503051300
1606566545
562598142
1666113387
622144984
1725660229
681691826
1785207071
741238668
1844753913
800785510
1904300755
860332352
1963847597
919879194
2023394439
979426036
2082941281
1038972878
2142488123
1098519720
54551317
1158066562
114098159
1217613404
173645001
1277160246
233191843
1336707088
292738685
1396253930
352285527
1455800772
411832369
1515347614
471379211
1574894456
530926053
1634441298
590472895
1693988140
650019737
1753534982
709566579
1813081824
769113421
1872628666
828660263
1932175508
888207105
1991722350
947753947
2051269192
1007300789
2110816034
1066847631
22879228
1126394473
82426070
1185941315
141972912
1245488157
201519754
1305034999
261066596
1364581841
320613438
1424128683
380160280
1483675525
439707122
1543222367
499253964
1602769209
558800806
1662316051
618347648
1721862893
677894490
1781409735
737441332
1840956577
796988174
1900503419
856535016
1960050261
916081858
2019597103
975628700
2079143945
1035175542
2138690787
1094722384
50753981
1154269226
110300823
1213816068
169847665
1273362910
229394507
1332909752
288941349
1392456594
348488191
1452003436
408035033
1511550278
467581875
1571097120
527128717
1630643962
586675559
1690190804
646222401
1749737646
705769243
1809284488
765316085
1868831330
824862927
1928378172
884409769
1987925014
943956611
2047471856
1003503453
2107018698
1063050295
19081892
1122597137
78628734
1182143979
138175576
1241690821
197722418
1301237663
257269260
1360784505
316816102
1420331347
376362944
1479878189
435909786
1539425031
495456628
1598971873
555003470
1658518715
614550312
1718065557
674097154
1777612399
733643996
1837159241
793190838
1896706083
852737680
1956252925
912284522
2015799767
971831364
2075346609
1031378206
2134893451
1090925048
46956645
1150471890
106503487
1210018732
166050329
1269565574
225597171
1329112416
285144013
1388659258
344690855
1448206100
404237697
1507752942
463784539
1567299784
523331381
1626846626
582878223
1686393468
642425065
1745940310
701971907
1805487152
761518749
1865033994
821065591
1924580836
880612433
1984127678
940159275
2043674520
999706117
2103221362
1059252959
15284556
1118799801
74831398
1178346643
134378240
1237893485
193925082
1297440327
253471924
1356987169
313018766
1416534011
372565608
1476080853
432112450
1535627695
491659292
1595174537
551206134
1654721379
610752976
1714268221
670299818
1773815063
729846660
1833361905
789393502
1892908747
848940344
1952455589
908487186
2012002431
968034028
2071549273
1027580870
2131096115
1087127712
43159309
1146674554
102706151
1206221396
162252993
1265768238
221799835
1325315080
281346677
1384861922
340893519
1444408764
400440361
1503955606
459987203
1563502448
519534045
1623049290
579080887
1682596132
638627729
1742142974
698174571
1801689816
757721413
1861236658
817268255
1920783500
876815097
1980330342
936361939
2039877184
995908781
2099424026
1055455623
11487220
1115002465
71034062
1174549307
130580904
1234096149
190127746
1293642991
249674588
1353189833
309221430
1412736675
368768272
1472283517
428315114
1531830359
487861956
1591377201
547408798
1650924043
606955640
1710470885
666502482
1770017727
726049324
1829564569
785596166
1889111411
845143008
1948658253
904689850
2008205095
964236692
2067751937
1023783534
2127298779
1083330376
39361973
1142877218
98908815
1202424060
158455657
1261970902
218002499
1321517744
277549341
1381064586
337096183
1440611428
396643025
1500158270
456189867
1559705112
515736709
1619251954
575283551
1678798796
634830393
1738345638
694377235
1797892480
753924077
1857439322
813470919
1916986164
873017761
1976533006
932564603
2036079848
992111445
2095626690
1051658287
7689884
1111205129
67236726
1170751971
126783568
1230298813
186330410
1289845655
245877252
1349392497
305424094
1408939339
364970936
1468486181
424517778
1528033023
484064620
1587579865
543611462
1647126707
603158304
1706673549
662705146
1766220391
722251988
1825767233
781798830
1885314075
841345672
1944860917
900892514
2004407759
960439356
2063954601
1019986198
2123501443
1079533040
35564637
1139079882
95111479
1198626724
154658321
1258173566
214205163
1317720408
273752005
1377267250
333298847
1436814092
392845689
1496360934
452392531
1555907776
511939373
1615454618
571486215
1675001460
631033057
1734548302
690579899
1794095144
750126741
1853641986
809673583
1913188828
869220425
1972735670
928767267
2032282512
988314109
2091829354
1047860951
3892548
1107407793
63439390
1166954635
122986232
1226501477
182533074
1286048319
242079916
1345595161
301626758
1405142003
361173600
1464688845
420720442
1524235687
480267284
1583782529
539814126
1643329371
599360968
1702876213
658907810
1762423055
718454652
1821969897
778001494
1881516739
837548336
1941063581
897095178
2000610423
956642020
2060157265
1016188862
2119704107
1075735704
31767301
1135282546
91314143
1194829388
150860985
1254376230
210407827
1313923072
269954669
1373469914
329501511
1433016756
389048353
1492563598
448595195
1552110440
508142037
1611657282
567688879
1671204124
627235721
1730750966
686782563
1790297808
746329405
1849844650
805876247
1909391492
865423089
1968938334
924969931
2028485176
984516773
2088032018
1044063615
95212
1103610457
59642054
1163157299
119188896
1222704141
178735738
1282250983
238282580
1341797825
297829422
1401344667
357376264
1460891509
416923106
1520438351
476469948
1579985193
536016790
1639532035
595563632
1699078877
655110474
1758625719
714657316
1818172561
774204158
1877719403
833751000
1937266245
893297842
1996813087
952844684
2056359929
1012391526
2115906771
1071938368
27969965
1131485210
87516807
1191032052
147063649
1250578894
206610491
1310125736
266157333
1369672578
325704175
1429219420
385251017
1488766262
444797859
1548313104
504344701
1607859946
563891543
1667406788
623438385
1726953630
682985227
1786500472
742532069
1846047314
802078911
1905594156
861625753
1965140998
921172595
2024687840
980719437
2084234682
1040266279
2143781524
1099813121
55844718
1159359963
115391560
1218906805
174938402
1278453647
234485244
1338000489
294032086
1397547331
353578928
1457094173
413125770
1516641015
472672612
1576187857
532219454
1635734699
591766296
1695281541
651313138
1754828383
710859980
1814375225
770406822
1873922067
829953664
1933468909
889500506
1993015751
949047348
2052562593
1008594190
2112109435
1068141032
24172629
1127687874
83719471
1187234716
143266313
1246781558
202813155
1306328400
262359997
1365875242
321906839
1425422084
381453681
1484968926
441000523
1544515768
500547365
1604062610
560094207
1663609452
619641049
1723156294
679187891
1782703136
738734733
1842249978
798281575
1901796820
857828417
1961343662
917375259
2020890504
976922101
2080437346
1036468943
2139984188
1096015785
52047382
1155562627
111594224
1215109469
171141066
1274656311
230687908
1334203153
290234750
1393749995
349781592
1453296837
409328434
1512843679
468875276
1572390521
528422118
1631937363
587968960
1691484205
647515802
1751031047
707062644
1810577889
766609486
1870124731
826156328
1929671573
885703170
1989218415
945250012
2048765257
1004796854
2108312099
1064343696
20375293
1123890538
79922135
1183437380
139468977
1242984222
199015819
1302531064
258562661
1362077906
318109503
1421624748
377656345
1481171590
437203187
1540718432
496750029
1600265274
556296871
1659812116
615843713
1719358958
675390555
1778905800
734937397
1838452642
794484239
1897999484
854031081
1957546326
913577923
2017093168
973124765
2076640010
1032671607
2136186852
1092218449
48250046
1151765291
107796888
1211312133
167343730
1270858975
226890572
1330405817
286437414
1389952659
345984256
1449499501
405531098
1509046343
465077940
1568593185
524624782
1628140027
584171624
1687686869
643718466
1747233711
703265308
1806780553
762812150
1866327395
822358992
1925874237
881905834
1985421079
941452676
2044967921
1000999518
2104514763
1060546360
16577957
1120093202
76124799
1179640044
135671641
1239186886
195218483
1298733728
254765325
1358280570
314312167
1417827412
373859009
1477374254
433405851
1536921096
492952693
1596467938
552499535
1656014780
612046377
1715561622
671593219
1775108464
731140061
1834655306
790686903
1894202148
850233745
1953748990
909780587
2013295832
969327429
2072842674
1028874271
2132389516
1088421113
44452710
1147967955
103999552
1207514797
163546394
1267061639
223093236
1326608481
282640078
1386155323
342186920
1445702165
401733762
1505249007
461280604
1564795849
520827446
1624342691
580374288
1683889533
639921130
1743436375
699467972
1802983217
759014814
1862530059
818561656
1922076901
878108498
1981623743
937655340
2041170585
997202182
2100717427
1056749024
12780621
1116295866
72327463
1175842708
131874305
1235389550
191421147
1294936392
250967989
1354483234
310514831
1414030076
370061673
1473576918
429608515
1533123760
489155357
1592670602
548702199
1652217444
608249041
1711764286
667795883
1771311128
727342725
1830857970
786889567
1890404812
846436409
1949951654
905983251
2009498496
965530093
2069045338
1025076935
2128592180
1084623777
40655374
1144170619
100202216
1203717461
159749058
1263264303
219295900
1322811145
278842742
1382357987
338389584
1441904829
397936426
1501451671
457483268
1560998513
517030110
1620545355
576576952
1680092197
636123794
1739639039
695670636
1799185881
755217478
1858732723
814764320
1918279565
874311162
1977826407
933858004
2037373249
993404846
2096920091
1052951688
8983285
1112498530
68530127
1172045372
128076969
1231592214
187623811
1291139056
247170653
1350685898
306717495
1410232740
366264337
1469779582
425811179
1529326424
485358021
1588873266
544904863
1648420108
604451705
1707966950
663998547
1767513792
723545389
1827060634
783092231
1886607476
842639073
1946154318
902185915
2005701160
961732757
2065248002
1021279599
2124794844
1080826441
36858038
1140373283
96404880
1199920125
155951722
1259466967
215498564
1319013809
275045406
1378560651
334592248
1438107493
394139090
1497654335
453685932
1557201177
513232774
1616748019
572779616
1676294861
632326458
1735841703
691873300
1795388545
751420142
1854935387
810966984
1914482229
870513826
1974029071
930060668
2033575913
989607510
2093122755
1049154352
5185949
1108701194
64732791
1168248036
124279633
1227794878
183826475
1287341720
243373317
1346888562
302920159
1406435404
362467001
1465982246
422013843
1525529088
481560685
1585075930
541107527
1644622772
600654369
1704169614
660201211
1763716456
719748053
1823263298
779294895
1882810140
838841737
1942356982
898388579
2001903824
957935421
2061450666
1017482263
2120997508
1077029105
33060702
1136575947
92607544
1196122789
152154386
1255669631
211701228
1315216473
271248070
1374763315
330794912
1434310157
390341754
1493856999
449888596
1553403841
509435438
1612950683
568982280
1672497525
628529122
1732044367
688075964
1791591209
747622806
1851138051
807169648
1910684893
866716490
1970231735
926263332
2029778577
985810174
2089325419
1045357016
1388613
1104903858
60935455
1164450700
120482297
1223997542
180029139
1283544384
239575981
1343091226
299122823
1402638068
358669665
1462184910
418216507
1521731752
477763349
1581278594
537310191
1640825436
596857033
1700372278
656403875
1759919120
715950717
1819465962
775497559
1879012804
835044401
1938559646
894591243
1998106488
954138085
2057653330
1013684927
2117200172
1073231769
29263366
1132778611
88810208
1192325453
148357050
1251872295
207903892
1311419137
267450734
1370965979
326997576
1430512821
386544418
1490059663
446091260
1549606505
505638102
1609153347
565184944
1668700189
624731786
1728247031
684278628
1787793873
743825470
1847340715
803372312
1906887557
862919154
1966434399
922465996
2025981241
982012838
2085528083
1041559680
2145074925
1101106522
57138119
1160653364
116684961
1220200206
176231803
1279747048
235778645
1339293890
295325487
1398840732
354872329
1458387574
414419171
1517934416
473966013
1577481258
533512855
1637028100
593059697
1696574942
652606539
1756121784
712153381
1815668626
771700223
1875215468
831247065
1934762310
890793907
1994309152
950340749
2053855994
1009887591
2113402836
1069434433
25466030
1128981275
85012872
1188528117
144559714
1248074959
204106556
1307621801
263653398
1367168643
323200240
1426715485
382747082
1486262327
442293924
1545809169
501840766
1605356011
561387608
1664902853
620934450
1724449695
680481292
1783996537
740028134
1843543379
799574976
1903090221
859121818
1962637063
918668660
2022183905
978215502
2081730747
1037762344
2141277589
1097309186
53340783
1156856028
112887625
1216402870
172434467
1275949712
231981309
1335496554
291528151
1395043396
351074993
1454590238
410621835
1514137080
470168677
1573683922
529715519
1633230764
589262361
1692777606
648809203
1752324448
708356045
1811871290
767902887
1871418132
827449729
1930964974
886996571
1990511816
946543413
2050058658
1006090255
2109605500
1065637097
21668694
1125183939
81215536
1184730781
140762378
1244277623
200309220
1303824465
259856062
1363371307
319402904
1422918149
378949746
1482464991
438496588
1542011833
498043430
1601558675
557590272
1661105517
617137114
1720652359
676683956
1780199201
736230798
1839746043
795777640
1899292885
855324482
1958839727
914871324
2018386569
974418166
2077933411
1033965008
2137480253
1093511850
49543447
1153058692
109090289
1212605534
168637131
1272152376
228183973
1331699218
287730815
1391246060
347277657
1450792902
406824499
1510339744
466371341
1569886586
525918183
1629433428
585465025
1688980270
645011867
1748527112
704558709
1808073954
764105551
1867620796
823652393
1927167638
883199235
1986714480
942746077
2046261322
1002292919
2105808164
1061839761
17871358
1121386603
77418200
1180933445
136965042
1240480287
196511884
1300027129
256058726
1359573971
315605568
1419120813
375152410
1478667655
434699252
1538214497
494246094
1597761339
553792936
1657308181
613339778
1716855023
672886620
1776401865
732433462
1835948707
791980304
1895495549
851527146
1955042391
911073988
2014589233
970620830
2074136075
1030167672
2133682917
1089714514
45746111
1149261356
105292953
1208808198
164839795
1268355040
224386637
1327901882
283933479
1387448724
343480321
1446995566
403027163
1506542408
462574005
1566089250
522120847
1625636092
581667689
1685182934
641214531
1744729776
700761373
1804276618
760308215
1863823460
819855057
1923370302
879401899
1982917144
938948741
2042463986
998495583
2102010828
1058042425
14074022
1117589267
73620864
1177136109
133167706
1236682951
192714548
1296229793
252261390
1355776635
311808232
1415323477
371355074
1474870319
430901916
1534417161
490448758
1593964003
549995600
1653510845
609542442
1713057687
669089284
1772604529
728636126
1832151371
788182968
1891698213
847729810
1951245055
907276652
2010791897
966823494
2070338739
1026370336
2129885581
1085917178
41948775
1145464020
101495617
1205010862
161042459
1264557704
220589301
1324104546
280136143
1383651388
339682985
1443198230
399229827
1502745072
458776669
1562291914
518323511
1621838756
577870353
1681385598
637417195
1740932440
696964037
1800479282
756510879
1860026124
816057721
1919572966
875604563
1979119808
935151405
2038666650
994698247
2098213492
1054245089
10276686
1113791931
69823528
1173338773
129370370
1232885615
188917212
1292432457
248464054
1351979299
308010896
1411526141
367557738
1471072983
427104580
1530619825
486651422
1590166667
546198264
1649713509
605745106
1709260351
665291948
1768807193
724838790
1828354035
784385632
1887900877
843932474
1947447719
903479316
2006994561
963026158
2066541403
1022573000
2126088245
1082119842
38151439
1141666684
97698281
1201213526
157245123
1260760368
216791965
1320307210
276338807
1379854052
335885649
1439400894
395432491
1498947736
454979333
1558494578
514526175
1618041420
574073017
1677588262
633619859
1737135104
693166701
1796681946
752713543
1856228788
812260385
1915775630
871807227
1975322472
931354069
2034869314
990900911
2094416156
1050447753
6479350
1109994595
66026192
1169541437
125573034
1229088279
185119876
1288635121
244666718
1348181963
304213560
1407728805
363760402
1467275647
423307244
1526822489
482854086
1586369331
542400928
1645916173
601947770
1705463015
661494612
1765009857
721041454
1824556699
780588296
1884103541
840135138
1943650383
899681980
2003197225
959228822
2062744067
1018775664
2122290909
1078322506
34354103
1137869348
93900945
1197416190
153447787
1256963032
212994629
1316509874
272541471
1376056716
332088313
1435603558
391635155
1495150400
451181997
1554697242
510728839
1614244084
570275681
1673790926
629822523
1733337768
689369365
1792884610
748916207
1852431452
808463049
1911978294
868009891
1971525136
927556733
2031071978
987103575
2090618820
1046650417
2682014
1106197259
62228856
1165744101
121775698
1225290943
181322540
1284837785
240869382
1344384627
300416224
1403931469
359963066
1463478311
419509908
1523025153
479056750
1582571995
538603592
1642118837
598150434
1701665679
657697276
1761212521
717244118
1820759363
776790960
1880306205
836337802
1939853047
895884644
1999399889
955431486
2058946731
1014978328
2118493573
1074525170
30556767
1134072012
90103609
1193618854
149650451
1253165696
209197293
1312712538
268744135
1372259380
328290977
1431806222
387837819
1491353064
447384661
1550899906
506931503
1610446748
566478345
1669993590
626025187
1729540432
685572029
1789087274
745118871
1848634116
804665713
1908180958
864212555
1967727800
923759397
2027274642
983306239
2086821484
1042853081
2146368326
1102399923
58431520
1161946765
117978362
1221493607
177525204
1281040449
237072046
1340587291
296618888
1400134133
356165730
1459680975
415712572
1519227817
475259414
1578774659
534806256
1638321501
594353098
1697868343
653899940
1757415185
713446782
1816962027
772993624
1876508869
832540466
1936055711
892087308
1995602553
951634150
2055149395
1011180992
2114696237
1070727834
26759431
1130274676
86306273
1189821518
145853115
1249368360
205399957
1308915202
264946799
1368462044
324493641
1428008886
384040483
1487555728
443587325
1547102570
503134167
1606649412
562681009
1666196254
622227851
1725743096
681774693
1785289938
741321535
1844836780
800868377
1904383622
860415219
1963930464
919962061
2023477306
979508903
2083024148
1039055745
2142570990
1098602587
54634184
1158149429
114181026
1217696271
173727868
1277243113
233274710
1336789955
292821552
1396336797
352368394
1455883639
411915236
1515430481
471462078
1574977323
531008920
1634524165
590555762
1694071007
650102604
1753617849
709649446
1813164691
769196288
1872711533
828743130
1932258375
888289972
1991805217
947836814
2051352059
1007383656
2110898901
1066930498
22962095
1126477340
82508937
1186024182
142055779
1245571024
201602621
1305117866
261149463
1364664708
320696305
1424211550
380243147
1483758392
439789989
1543305234
499336831
1602852076
558883673
1662398918
618430515
1721945760
677977357
1781492602
737524199
1841039444
797071041
1900586286
856617883
1960133128
916164725
2019679970
975711567
2079226812
1035258409
2138773654
1094805251
50836848
1154352093
110383690
1213898935
169930532
1273445777
229477374
1332992619
289024216
1392539461
348571058
1452086303
408117900
1511633145
467664742
1571179987
527211584
1630726829
586758426
1690273671
646305268
1749820513
705852110
1809367355
765398952
1868914197
824945794
1928461039
884492636
1988007881
944039478
2047554723
1003586320
2107101565
1063133162
19164759
1122680004
78711601
1182226846
138258443
1241773688
197805285
1301320530
257352127
1360867372
316898969
1420414214
376445811
1479961056
435992653
1539507898
495539495
1599054740
555086337
1658601582
614633179
1718148424
674180021
1777695266
733726863
1837242108
793273705
1896788950
852820547
1956335792
912367389
2015882634
971914231
2075429476
1031461073
2134976318
1091007915
47039512
1150554757
106586354
1210101599
166133196
1269648441
225680038
1329195283
285226880
1388742125
344773722
1448288967
404320564
1507835809
463867406
1567382651
523414248
1626929493
582961090
1686476335
642507932
1746023177
702054774
1805570019
761601616
1865116861
821148458
1924663703
880695300
1984210545
940242142
2043757387
999788984
2103304229
1059335826
15367423
1118882668
74914265
1178429510
134461107
1237976352
194007949
1297523194
253554791
1357070036
313101633
1416616878
372648475
1476163720
432195317
1535710562
491742159
1595257404
551289001
1654804246
610835843
1714351088
670382685
1773897930
729929527
1833444772
789476369
1892991614
849023211
1952538456
908570053
2012085298
968116895
2071632140
1027663737
2131178982
1087210579
43242176
1146757421
102789018
1206304263
162335860
1265851105
221882702
1325397947
281429544
1384944789
340976386
1444491631
400523228
1504038473
460070070
1563585315
519616912
1623132157
579163754
1682678999
638710596
1742225841
698257438
1801772683
757804280
1861319525
817351122
1920866367
876897964
1980413209
936444806
2039960051
995991648
2099506893
1055538490
11570087
1115085332
71116929
1174632174
130663771
1234179016
190210613
1293725858
249757455
1353272700
309304297
1412819542
368851139
1472366384
428397981
1531913226
487944823
1591460068
547491665
1651006910
607038507
1710553752
666585349
1770100594
726132191
1829647436
785679033
1889194278
845225875
1948741120
904772717
2008287962
964319559
2067834804
1023866401
2127381646
1083413243
39444840
1142960085
98991682
1202506927
158538524
1262053769
218085366
1321600611
277632208
1381147453
337179050
1440694295
396725892
1500241137
456272734
1559787979
515819576
1619334821
575366418
1678881663
634913260
1738428505
694460102
1797975347
754006944
1857522189
813553786
1917069031
873100628
1976615873
932647470
2036162715
992194312
2095709557
1051741154
7772751
1111287996
67319593
1170834838
126866435
1230381680
186413277
1289928522
245960119
1349475364
305506961
1409022206
365053803
1468569048
424600645
1528115890
484147487
1587662732
543694329
1647209574
603241171
1706756416
662788013
1766303258
722334855
1825850100
781881697
1885396942
841428539
1944943784
900975381
2004490626
960522223
2064037468
1020069065
2123584310
1079615907
35647504
1139162749
95194346
1198709591
154741188
1258256433
214288030
1317803275
273834872
1377350117
333381714
1436896959
392928556
1496443801
452475398
1555990643
512022240
1615537485
571569082
1675084327
631115924
1734631169
690662766
1794178011
750209608
1853724853
809756450
1913271695
869303292
1972818537
928850134
2032365379
988396976
2091912221
1047943818
3975415
1107490660
63522257
1167037502
123069099
1226584344
182615941
1286131186
242162783
1345678028
301709625
1405224870
361256467
1464771712
420803309
1524318554
480350151
1583865396
539896993
1643412238
599443835
1702959080
658990677
1762505922
718537519
1822052764
778084361
1881599606
837631203
1941146448
897178045
2000693290
956724887
2060240132
1016271729
2119786974
1075818571
31850168
1135365413
91397010
1194912255
150943852
1254459097
210490694
1314005939
270037536
1373552781
329584378
1433099623
389131220
1492646465
448678062
1552193307
508224904
1611740149
567771746
1671286991
627318588
1730833833
686865430
1790380675
746412272
1849927517
805959114
1909474359
865505956
1969021201
925052798
2028568043
984599640
2088114885
1044146482
178079
1103693324
59724921
1163240166
119271763
1222787008
178818605
1282333850
238365447
1341880692
297912289
1401427534
357459131
1460974376
417005973
1520521218
476552815
1580068060
536099657
1639614902
595646499
1699161744
655193341
1758708586
714740183
1818255428
774287025
1877802270
833833867
1937349112
893380709
1996895954
952927551
2056442796
1012474393
2115989638
1072021235
28052832
1131568077
87599674
1191114919
147146516
1250661761
206693358
1310208603
266240200
1369755445
325787042
1429302287
385333884
1488849129
444880726
1548395971
504427568
1607942813
563974410
1667489655
623521252
1727036497
683068094
1786583339
742614936
1846130181
802161778
1905677023
861708620
1965223865
921255462
2024770707
980802304
2084317549
1040349146
2143864391
1099895988
55927585
1159442830
115474427
1218989672
175021269
1278536514
234568111
1338083356
294114953
1397630198
353661795
1457177040
413208637
1516723882
472755479
1576270724
532302321
1635817566
591849163
1695364408
651396005
1754911250
710942847
1814458092
770489689
1874004934
830036531
1933551776
889583373
1993098618
949130215
2052645460
1008677057
2112192302
1068223899
24255496
1127770741
83802338
1187317583
143349180
1246864425
202896022
1306411267
262442864
1365958109
321989706
1425504951
381536548
1485051793
441083390
1544598635
500630232
1604145477
560177074
1663692319
619723916
1723239161
679270758
1782786003
738817600
1842332845
798364442
1901879687
857911284
1961426529
917458126
2020973371
977004968
2080520213
1036551810
2140067055
1096098652
52130249
1155645494
111677091
1215192336
171223933
1274739178
230770775
1334286020
290317617
1393832862
349864459
1453379704
409411301
1512926546
468958143
1572473388
528504985
1632020230
588051827
1691567072
647598669
1751113914
707145511
1810660756
766692353
1870207598
826239195
1929754440
885786037
1989301282
945332879
2048848124
1004879721
2108394966
1064426563
20458160
1123973405
80005002
1183520247
139551844
1243067089
199098686
1302613931
258645528
1362160773
318192370
1421707615
377739212
1481254457
437286054
1540801299
496832896
1600348141
556379738
1659894983
615926580
1719441825
675473422
1778988667
735020264
1838535509
794567106
1898082351
854113948
1957629193
913660790
2017176035
973207632
2076722877
1032754474
2136269719
1092301316
48332913
1151848158
107879755
1211395000
167426597
1270941842
226973439
1330488684
286520281
1390035526
346067123
1449582368
405613965
1509129210
465160807
1568676052
524707649
1628222894
584254491
1687769736
643801333
1747316578
703348175
1806863420
762895017
1866410262
822441859
1925957104
881988701
1985503946
941535543
2045050788
1001082385
2104597630
1060629227
16660824
1120176069
76207666
1179722911
135754508
1239269753
195301350
1298816595
254848192
1358363437
314395034
1417910279
373941876
1477457121
433488718
1537003963
493035560
1596550805
552582402
1656097647
612129244
1715644489
671676086
1775191331
731222928
1834738173
790769770
1894285015
850316612
1953831857
909863454
2013378699
969410296
2072925541
1028957138
2132472383
1088503980
44535577
1148050822
104082419
1207597664
163629261
1267144506
223176103
1326691348
282722945
1386238190
342269787
1445785032
401816629
1505331874
461363471
1564878716
520910313
1624425558
580457155
1683972400
640003997
1743519242
699550839
1803066084
759097681
1862612926
818644523
1922159768
878191365
1981706610
937738207
2041253452
997285049
2100800294
1056831891
12863488
1116378733
72410330
1175925575
131957172
1235472417
191504014
1295019259
251050856
1354566101
310597698
1414112943
370144540
1473659785
429691382
1533206627
489238224
1592753469
548785066
1652300311
608331908
1711847153
667878750
1771393995
727425592
1830940837
786972434
1890487679
846519276
1950034521
906066118
2009581363
965612960
2069128205
1025159802
2128675047
1084706644
40738241
1144253486
100285083
1203800328
159831925
1263347170
219378767
1322894012
278925609
1382440854
338472451
1441987696
398019293
1501534538
457566135
1561081380
517112977
1620628222
576659819
1680175064
636206661
1739721906
695753503
1799268748
755300345
1858815590
814847187
1918362432
874394029
1977909274
933940871
2037456116
993487713
2097002958
1053034555
9066152
1112581397
68612994
1172128239
128159836
1231675081
187706678
1291221923
247253520
1350768765
306800362
1410315607
366347204
1469862449
425894046
1529409291
485440888
1588956133
544987730
1648502975
604534572
1708049817
664081414
1767596659
723628256
1827143501
783175098
1886690343
842721940
1946237185
902268782
2005784027
961815624
2065330869
1021362466
2124877711
1080909308
36940905
1140456150
96487747
1200002992
156034589
1259549834
215581431
1319096676
275128273
1378643518
334675115
1438190360
394221957
1497737202
453768799
1557284044
513315641
1616830886
572862483
1676377728
632409325
1735924570
691956167
1795471412
751503009
1855018254
811049851
1914565096
870596693
1974111938
930143535
2033658780
989690377
2093205622
1049237219
5268816
1108784061
64815658
1168330903
124362500
1227877745
183909342
1287424587
243456184
1346971429
303003026
1406518271
362549868
1466065113
422096710
1525611955
481643552
1585158797
541190394
1644705639
600737236
1704252481
660284078
1763799323
719830920
1823346165
779377762
1882893007
838924604
1942439849
898471446
2001986691
958018288
2061533533
1017565130
2121080375
1077111972
33143569
1136658814
92690411
1196205656
152237253
1255752498
211784095
1315299340
271330937
1374846182
330877779
1434393024
390424621
1493939866
449971463
1553486708
509518305
1613033550
569065147
1672580392
628611989
1732127234
688158831
1791674076
747705673
1851220918
807252515
1910767760
866799357
1970314602
926346199
2029861444
985893041
2089408286
1045439883
1471480
1104986725
61018322
1164533567
120565164
1224080409
180112006
1283627251
239658848
1343174093
299205690
1402720935
358752532
1462267777
418299374
1521814619
477846216
1581361461
537393058
1640908303
596939900
1700455145
656486742
1760001987
716033584
1819548829
775580426
1879095671
835127268
1938642513
894674110
1998189355
954220952
2057736197
1013767794
2117283039
1073314636
29346233
1132861478
88893075
1192408320
148439917
1251955162
207986759
1311502004
267533601
1371048846
327080443
1430595688
386627285
1490142530
446174127
1549689372
505720969
1609236214
565267811
1668783056
624814653
1728329898
684361495
1787876740
743908337
1847423582
803455179
1906970424
863002021
1966517266
922548863
2026064108
982095705
2085610950
1041642547
2145157792
1101189389
57220986
1160736231
116767828
1220283073
176314670
1279829915
235861512
1339376757
295408354
1398923599
354955196
1458470441
414502038
1518017283
474048880
1577564125
533595722
1637110967
593142564
1696657809
652689406
1756204651
712236248
1815751493
771783090
1875298335
831329932
1934845177
890876774
1994392019
950423616
2053938861
1009970458
2113485703
1069517300
25548897
1129064142
85095739
1188610984
144642581
1248157826
204189423
1307704668
263736265
1367251510
323283107
1426798352
382829949
1486345194
442376791
1545892036
501923633
1605438878
561470475
1664985720
621017317
1724532562
680564159
1784079404
740111001
1843626246
799657843
1903173088
859204685
1962719930
918751527
2022266772
978298369
2081813614
1037845211
2141360456
1097392053
53423650
1156938895
112970492
1216485737
172517334
1276032579
232064176
1335579421
291611018
1395126263
351157860
1454673105
410704702
1514219947
470251544
1573766789
529798386
1633313631
589345228
1692860473
648892070
1752407315
708438912
1811954157
767985754
1871500999
827532596
1931047841
887079438
1990594683
946626280
2050141525
1006173122
2109688367
1065719964
21751561
1125266806
81298403
1184813648
140845245
1244360490
200392087
1303907332
259938929
1363454174
319485771
1423001016
379032613
1482547858
438579455
1542094700
498126297
1601641542
557673139
1661188384
617219981
1720735226
676766823
1780282068
736313665
1839828910
795860507
1899375752
855407349
1958922594
914954191
2018469436
974501033
2078016278
1034047875
2137563120
1093594717
49626314
1153141559
109173156
1212688401
168719998
1272235243
228266840
1331782085
287813682
1391328927
347360524
1450875769
406907366
1510422611
466454208
1569969453
526001050
1629516295
585547892
1689063137
645094734
1748609979
704641576
1808156821
764188418
1867703663
823735260
1927250505
883282102
1986797347
942828944
2046344189
1002375786
2105891031
1061922628
17954225
1121469470
77501067
1181016312
137047909
1240563154
196594751
1300109996
256141593
1359656838
315688435
1419203680
375235277
1478750522
434782119
1538297364
494328961
1597844206
553875803
1657391048
613422645
1716937890
672969487
1776484732
732516329
1836031574
792063171
1895578416
851610013
1955125258
911156855
2014672100
970703697
2074218942
1030250539
2133765784
1089797381
45828978
1149344223
105375820
1208891065
164922662
1268437907
224469504
1327984749
284016346
1387531591
343563188
1447078433
403110030
1506625275
462656872
1566172117
522203714
1625718959
581750556
1685265801
641297398
1744812643
700844240
1804359485
760391082
1863906327
819937924
1923453169
879484766
1983000011
939031608
2042546853
998578450
2102093695
1058125292
14156889
1117672134
73703731
1177218976
133250573
1236765818
192797415
1296312660
252344257
1355859502
311891099
1415406344
371437941
1474953186
430984783
1534500028
490531625
1594046870
550078467
1653593712
609625309
1713140554
669172151
1772687396
728718993
1832234238
788265835
1891781080
847812677
1951327922
907359519
2010874764
966906361
2070421606
1026453203
2129968448
1086000045
42031642
1145546887
101578484
1205093729
161125326
1264640571
220672168
1324187413
280219010
1383734255
339765852
1443281097
399312694
1502827939
458859536
1562374781
518406378
1621921623
577953220
1681468465
637500062
1741015307
697046904
1800562149
756593746
1860108991
816140588
1919655833
875687430
1979202675
935234272
2038749517
994781114
2098296359
1054327956
10359553
1113874798
69906395
1173421640
129453237
1232968482
189000079
1292515324
248546921
1352062166
308093763
1411609008
367640605
1471155850
427187447
1530702692
486734289
1590249534
546281131
1649796376
605827973
1709343218
665374815
1768890060
724921657
1828436902
784468499
1887983744
844015341
1947530586
903562183
2007077428
963109025
2066624270
1022655867
2126171112
1082202709
38234306
1141749551
97781148
1201296393
157327990
1260843235
216874832
1320390077
276421674
1379936919
335968516
1439483761
395515358
1499030603
455062200
1558577445
514609042
1618124287
574155884
1677671129
633702726
1737217971
693249568
1796764813
752796410
1856311655
812343252
1915858497
871890094
1975405339
931436936
2034952181
990983778
2094499023
1050530620
6562217
1110077462
66109059
1169624304
125655901
1229171146
185202743
1288717988
244749585
1348264830
304296427
1407811672
363843269
1467358514
423390111
1526905356
482936953
1586452198
542483795
1645999040
602030637
1705545882
661577479
1765092724
721124321
1824639566
780671163
1884186408
840218005
1943733250
899764847
2003280092
959311689
2062826934
1018858531
2122373776
1078405373
34436970
1137952215
93983812
1197499057
153530654
1257045899
213077496
1316592741
272624338
1376139583
332171180
1435686425
391718022
1495233267
451264864
1554780109
510811706
1614326951
570358548
1673873793
629905390
1733420635
689452232
1792967477
748999074
1852514319
808545916
1912061161
868092758
1971608003
927639600
2031154845
987186442
2090701687
1046733284
2764881
1106280126
62311723
1165826968
121858565
1225373810
181405407
1284920652
240952249
1344467494
300499091
1404014336
360045933
1463561178
419592775
1523108020
479139617
1582654862
538686459
1642201704
598233301
1701748546
657780143
1761295388
717326985
1820842230
776873827
1880389072
836420669
1939935914
895967511
1999482756
955514353
2059029598
1015061195
2118576440
1074608037
30639634
1134154879
90186476
1193701721
149733318
1253248563
209280160
1312795405
268827002
1372342247
328373844
1431889089
387920686
1491435931
447467528
1550982773
507014370
1610529615
566561212
1670076457
626108054
1729623299
685654896
1789170141
745201738
1848716983
804748580
1908263825
864295422
1967810667
923842264
2027357509
983389106
2086904351
1042935948
2146451193
1102482790
58514387
1162029632
118061229
1221576474
177608071
1281123316
237154913
1340670158
296701755
1400217000
356248597
1459763842
415795439
1519310684
475342281
1578857526
534889123
1638404368
594435965
1697951210
653982807
1757498052
713529649
1817044894
773076491
1876591736
832623333
1936138578
892170175
1995685420
951717017
2055232262
1011263859
2114779104
1070810701
26842298
1130357543
86389140
1189904385
145935982
1249451227
205482824
1308998069
265029666
1368544911
324576508
1428091753
384123350
1487638595
443670192
1547185437
503217034
1606732279
562763876
1666279121
622310718
1725825963
681857560
1785372805
741404402
1844919647
800951244
1904466489
860498086
1964013331
920044928
2023560173
979591770
2083107015
1039138612
2142653857
1098685454
54717051
1158232296
114263893
1217779138
173810735
1277325980
233357577
1336872822
292904419
1396419664
352451261
1455966506
411998103
1515513348
471544945
1575060190
531091787
1634607032
590638629
1694153874
650185471
1753700716
709732313
1813247558
769279155
1872794400
828825997
1932341242
888372839
1991888084
947919681
2051434926
1007466523
2110981768
1067013365
23044962
1126560207
82591804
1186107049
142138646
1245653891
201685488
1305200733
261232330
1364747575
320779172
1424294417
380326014
1483841259
439872856
1543388101
499419698
1602934943
558966540
1662481785
618513382
1722028627
678060224
1781575469
737607066
1841122311
797153908
1900669153
856700750
1960215995
916247592
2019762837
975794434
2079309679
1035341276
2138856521
1094888118
50919715
1154434960
110466557
1213981802
170013399
1273528644
229560241
1333075486
289107083
1392622328
348653925
1452169170
408200767
1511716012
467747609
1571262854
527294451
1630809696
586841293
1690356538
646388135
1749903380
705934977
1809450222
765481819
1868997064
825028661
1928543906
884575503
1988090748
944122345
2047637590
1003669187
2107184432
1063216029
19247626
1122762871
78794468
1182309713
138341310
1241856555
197888152
1301403397
257434994
1360950239
316981836
1420497081
376528678
1480043923
436075520
1539590765
495622362
1599137607
555169204
1658684449
614716046
1718231291
674262888
1777778133
733809730
1837324975
793356572
1896871817
852903414
1956418659
912450256
2015965501
971997098
2075512343
1031543940
2135059185
1091090782
47122379
1150637624
106669221
1210184466
166216063
1269731308
225762905
1329278150
285309747
1388824992
344856589
1448371834
404403431
1507918676
463950273
1567465518
523497115
1627012360
583043957
1686559202
642590799
1746106044
702137641
1805652886
761684483
1865199728
821231325
1924746570
880778167
1984293412
940325009
2043840254
999871851
2103387096
1059418693
15450290
1118965535
74997132
1178512377
134543974
1238059219
194090816
1297606061
253637658
1357152903
313184500
1416699745
372731342
1476246587
432278184
1535793429
491825026
1595340271
551371868
1654887113
610918710
1714433955
670465552
1773980797
730012394
1833527639
789559236
1893074481
849106078
1952621323
908652920
2012168165
968199762
2071715007
1027746604
2131261849
1087293446
43325043
1146840288
102871885
1206387130
162418727
1265933972
221965569
1325480814
281512411
1385027656
341059253
1444574498
400606095
1504121340
460152937
1563668182
519699779
1623215024
579246621
1682761866
638793463
1742308708
698340305
1801855550
757887147
1861402392
817433989
1920949234
876980831
1980496076
936527673
2040042918
996074515
2099589760
1055621357
11652954
1115168199
71199796
1174715041
130746638
1234261883
190293480
1293808725
249840322
1353355567
309387164
1412902409
368934006
1472449251
428480848
1531996093
488027690
1591542935
547574532
1651089777
607121374
1710636619
666668216
1770183461
726215058
1829730303
785761900
1889277145
845308742
1948823987
904855584
2008370829
964402426
2067917671
1023949268
2127464513
1083496110
39527707
1143042952
99074549
1202589794
158621391
1262136636
218168233
1321683478
277715075
1381230320
337261917
1440777162
396808759
1500324004
456355601
1559870846
515902443
1619417688
575449285
1678964530
634996127
1738511372
694542969
1798058214
754089811
1857605056
813636653
1917151898
873183495
1976698740
932730337
2036245582
992277179
2095792424
1051824021
7855618
1111370863
67402460
1170917705
126949302
1230464547
186496144
1290011389
246042986
1349558231
305589828
1409105073
365136670
1468651915
424683512
1528198757
484230354
1587745599
543777196
1647292441
603324038
1706839283
662870880
1766386125
722417722
1825932967
781964564
1885479809
841511406
1945026651
901058248
2004573493
960605090
2064120335
1020151932
2123667177
1079698774
35730371
1139245616
95277213
1198792458
154824055
1258339300
214370897
1317886142
273917739
1377432984
333464581
1436979826
393011423
1496526668
452558265
1556073510
512105107
1615620352
571651949
1675167194
631198791
1734714036
690745633
1794260878
750292475
1853807720
809839317
1913354562
869386159
1972901404
928933001
2032448246
988479843
2091995088
1048026685
4058282
1107573527
63605124
1167120369
123151966
1226667211
182698808
1286214053
242245650
1345760895
301792492
1405307737
361339334
1464854579
420886176
1524401421
480433018
1583948263
539979860
1643495105
599526702
1703041947
659073544
1762588789
718620386
1822135631
778167228
1881682473
837714070
1941229315
897260912
2000776157
956807754
2060322999
1016354596
2119869841
1075901438
31933035
1135448280
91479877
1194995122
151026719
1254541964
210573561
1314088806
270120403
1373635648
329667245
1433182490
389214087
1492729332
448760929
1552276174
508307771
1611823016
567854613
1671369858
627401455
1730916700
686948297
1790463542
746495139
1850010384
806041981
1909557226
865588823
1969104068
925135665
2028650910
984682507
2088197752
1044229349
260946
1103776191
59807788
1163323033
119354630
1222869875
178901472
1282416717
238448314
1341963559
297995156
1401510401
357541998
1461057243
417088840
1520604085
476635682
1580150927
536182524
1639697769
595729366
1699244611
655276208
1758791453
714823050
1818338295
774369892
1877885137
833916734
1937431979
893463576
1996978821
953010418
2056525663
1012557260
2116072505
1072104102
28135699
1131650944
87682541
1191197786
147229383
1250744628
206776225
1310291470
266323067
1369838312
325869909
1429385154
385416751
1488931996
444963593
1548478838
504510435
1608025680
564057277
1667572522
623604119
1727119364
683150961
1786666206
742697803
1846213048
802244645
1905759890
861791487
1965306732
921338329
2024853574
980885171
2084400416
1040432013
2143947258
1099978855
56010452
1159525697
115557294
1219072539
175104136
1278619381
234650978
1338166223
294197820
1397713065
353744662
1457259907
413291504
1516806749
472838346
1576353591
532385188
1635900433
591932030
1695447275
651478872
1754994117
711025714
1814540959
770572556
1874087801
830119398
1933634643
889666240
1993181485
949213082
2052728327
1008759924
2112275169
1068306766
24338363
1127853608
83885205
1187400450
143432047
1246947292
202978889
1306494134
262525731
1366040976
322072573
1425587818
381619415
1485134660
441166257
1544681502
500713099
1604228344
560259941
1663775186
619806783
1723322028
679353625
1782868870
738900467
1842415712
798447309
1901962554
857994151
1961509396
917540993
2021056238
977087835
2080603080
1036634677
2140149922
1096181519
52213116
1155728361
111759958
1215275203
171306800
1274822045
230853642
1334368887
290400484
1393915729
349947326
1453462571
409494168
1513009413
469041010
1572556255
528587852
1632103097
588134694
1691649939
647681536
1751196781
707228378
1810743623
766775220
1870290465
826322062
1929837307
885868904
1989384149
945415746
2048930991
1004962588
2108477833
1064509430
20541027
1124056272
80087869
1183603114
139634711
1243149956
199181553
1302696798
258728395
1362243640
318275237
1421790482
377822079
1481337324
437368921
1540884166
496915763
1600431008
556462605
1659977850
616009447
1719524692
675556289
1779071534
735103131
1838618376
794649973
1898165218
854196815
1957712060
913743657
2017258902
973290499
2076805744
1032837341
2136352586
1092384183
48415780
1151931025
107962622
1211477867
167509464
1271024709
227056306
1330571551
286603148
1390118393
346149990
1449665235
405696832
1509212077
465243674
1568758919
524790516
1628305761
584337358
1687852603
643884200
1747399445
703431042
1806946287
762977884
1866493129
822524726
1926039971
882071568
1985586813
941618410
2045133655
1001165252
2104680497
1060712094
16743691
1120258936
76290533
1179805778
135837375
1239352620
195384217
1298899462
254931059
1358446304
314477901
1417993146
374024743
1477539988
433571585
1537086830
493118427
1596633672
552665269
1656180514
612212111
1715727356
671758953
1775274198
731305795
1834821040
790852637
1894367882
850399479
1953914724
909946321
2013461566
969493163
2073008408
1029040005
2132555250
1088586847
44618444
1148133689
104165286
1207680531
163712128
1267227373
223258970
1326774215
282805812
1386321057
342352654
1445867899
401899496
1505414741
461446338
1564961583
520993180
1624508425
580540022
1684055267
640086864
1743602109
699633706
1803148951
759180548
1862695793
818727390
1922242635
878274232
1981789477
937821074
2041336319
997367916
2100883161
1056914758
12946355
1116461600
72493197
1176008442
132040039
1235555284
191586881
1295102126
251133723
1354648968
310680565
1414195810
370227407
1473742652
429774249
1533289494
489321091
1592836336
548867933
1652383178
608414775
1711930020
667961617
1771476862
727508459
1831023704
787055301
1890570546
846602143
1950117388
906148985
2009664230
965695827
2069211072
1025242669
2128757914
1084789511
40821108
1144336353
100367950
1203883195
159914792
1263430037
219461634
1322976879
279008476
1382523721
338555318
1442070563
398102160
1501617405
457649002
1561164247
517195844
1620711089
576742686
1680257931
636289528
1739804773
695836370
1799351615
755383212
1858898457
814930054
1918445299
874476896
1977992141
934023738
2037538983
993570580
2097085825
1053117422
9149019
1112664264
68695861
1172211106
128242703
1231757948
187789545
1291304790
247336387
1350851632
306883229
1410398474
366430071
1469945316
425976913
1529492158
485523755
1589039000
545070597
1648585842
604617439
1708132684
664164281
1767679526
723711123
1827226368
783257965
1886773210
842804807
1946320052
902351649
2005866894
961898491
2065413736
1021445333
2124960578
1080992175
37023772
1140539017
96570614
1200085859
156117456
1259632701
215664298
1319179543
275211140
1378726385
334757982
1438273227
394304824
1497820069
453851666
1557366911
513398508
1616913753
572945350
1676460595
632492192
1736007437
692039034
1795554279
751585876
1855101121
811132718
1914647963
870679560
1974194805
930226402
2033741647
989773244
2093288489
1049320086
5351683
1108866928
64898525
1168413770
124445367
1227960612
183992209
1287507454
243539051
1347054296
303085893
1406601138
362632735
1466147980
422179577
1525694822
481726419
1585241664
541273261
1644788506
600820103
1704335348
660366945
1763882190
719913787
1823429032
779460629
1882975874
839007471
1942522716
898554313
2002069558
958101155
2061616400
1017647997
2121163242
1077194839
33226436
1136741681
92773278
1196288523
152320120
1255835365
211866962
1315382207
271413804
1374929049
330960646
1434475891
390507488
1494022733
450054330
1553569575
509601172
1613116417
569148014
1672663259
628694856
1732210101
688241698
1791756943
747788540
1851303785
807335382
1910850627
866882224
1970397469
926429066
2029944311
985975908
2089491153
1045522750
1554347
1105069592
61101189
1164616434
120648031
1224163276
180194873
1283710118
239741715
1343256960
299288557
1402803802
358835399
1462350644
418382241
1521897486
477929083
1581444328
537475925
1640991170
597022767
1700538012
656569609
1760084854
716116451
1819631696
775663293
1879178538
835210135
1938725380
894756977
1998272222
954303819
2057819064
1013850661
2117365906
1073397503
29429100
1132944345
88975942
1192491187
148522784
1252038029
208069626
1311584871
267616468
1371131713
327163310
1430678555
386710152
1490225397
446256994
1549772239
505803836
1609319081
565350678
1668865923
624897520
1728412765
684444362
1787959607
743991204
1847506449
803538046
1907053291
863084888
1966600133
922631730
2026146975
982178572
2085693817
1041725414
2145240659
1101272256
57303853
1160819098
116850695
1220365940
176397537
1279912782
235944379
1339459624
295491221
1399006466
355038063
1458553308
414584905
1518100150
474131747
1577646992
533678589
1637193834
593225431
1696740676
652772273
1756287518
712319115
1815834360
771865957
1875381202
831412799
1934928044
890959641
1994474886
950506483
2054021728
1010053325
2113568570
1069600167
25631764
1129147009
85178606
1188693851
144725448
1248240693
204272290
1307787535
263819132
1367334377
323365974
1426881219
382912816
1486428061
442459658
1545974903
502006500
1605521745
561553342
1665068587
621100184
1724615429
680647026
1784162271
740193868
1843709113
799740710
1903255955
859287552
1962802797
918834394
2022349639
978381236
2081896481
1037928078
2141443323
1097474920
53506517
1157021762
113053359
1216568604
172600201
1276115446
232147043
1335662288
291693885
1395209130
351240727
1454755972
410787569
1514302814
470334411
1573849656
529881253
1633396498
589428095
1692943340
648974937
1752490182
708521779
1812037024
768068621
1871583866
827615463
1931130708
887162305
1990677550
946709147
2050224392
1006255989
2109771234
1065802831
21834428
1125349673
81381270
1184896515
140928112
1244443357
200474954
1303990199
260021796
1363537041
319568638
1423083883
379115480
1482630725
438662322
1542177567
498209164
1601724409
557756006
1661271251
617302848
1720818093
676849690
1780364935
736396532
1839911777
795943374
1899458619
855490216
1959005461
915037058
2018552303
974583900
2078099145
1034130742
2137645987
1093677584
49709181
1153224426
109256023
1212771268
168802865
1272318110
228349707
1331864952
287896549
1391411794
347443391
1450958636
406990233
1510505478
466537075
1570052320
526083917
1629599162
585630759
1689146004
645177601
1748692846
704724443
1808239688
764271285
1867786530
823818127
1927333372
883364969
1986880214
942911811
2046427056
1002458653
2105973898
1062005495
18037092
1121552337
77583934
1181099179
137130776
1240646021
196677618
1300192863
256224460
1359739705
315771302
1419286547
375318144
1478833389
434864986
1538380231
494411828
1597927073
553958670
1657473915
613505512
1717020757
673052354
1776567599
732599196
1836114441
792146038
1895661283
851692880
1955208125
911239722
2014754967
970786564
2074301809
1030333406
2133848651
1089880248
45911845
1149427090
105458687
1208973932
165005529
1268520774
224552371
1328067616
284099213
1387614458
343646055
1447161300
403192897
1506708142
462739739
1566254984
522286581
1625801826
581833423
1685348668
641380265
1744895510
700927107
1804442352
760473949
1863989194
820020791
1923536036
879567633
1983082878
939114475
2042629720
998661317
2102176562
1058208159
14239756
1117755001
73786598
1177301843
133333440
1236848685
192880282
1296395527
252427124
1355942369
311973966
1415489211
371520808
1475036053
431067650
1534582895
490614492
1594129737
550161334
1653676579
609708176
1713223421
669255018
1772770263
728801860
1832317105
788348702
1891863947
847895544
1951410789
907442386
2010957631
966989228
2070504473
1026536070
2130051315
1086082912
42114509
1145629754
101661351
1205176596
161208193
1264723438
220755035
1324270280
280301877
1383817122
339848719
1443363964
399395561
1502910806
458942403
1562457648
518489245
1622004490
578036087
1681551332
637582929
1741098174
697129771
1800645016
756676613
1860191858
816223455
1919738700
875770297
1979285542
935317139
2038832384
994863981
2098379226
1054410823
10442420
1113957665
69989262
1173504507
129536104
1233051349
189082946
1292598191
248629788
1352145033
308176630
1411691875
367723472
1471238717
427270314
1530785559
486817156
1590332401
546363998
1649879243
605910840
1709426085
665457682
1768972927
725004524
1828519769
784551366
1888066611
844098208
1947613453
903645050
2007160295
963191892
2066707137
1022738734
2126253979
1082285576
38317173
1141832418
97864015
1201379260
157410857
1260926102
216957699
1320472944
276504541
1380019786
336051383
1439566628
395598225
1499113470
455145067
1558660312
514691909
1618207154
574238751
1677753996
633785593
1737300838
693332435
1796847680
752879277
1856394522
812426119
1915941364
871972961
1975488206
931519803
2035035048
991066645
2094581890
1050613487
6645084
1110160329
66191926
1169707171
125738768
1229254013
185285610
1288800855
244832452
1348347697
304379294
1407894539
363926136
1467441381
423472978
1526988223
483019820
1586535065
542566662
1646081907
602113504
1705628749
661660346
1765175591
721207188
1824722433
780754030
1884269275
840300872
1943816117
899847714
2003362959
959394556
2062909801
1018941398
2122456643
1078488240
34519837
1138035082
94066679
1197581924
153613521
1257128766
213160363
1316675608
272707205
1376222450
332254047
1435769292
391800889
1495316134
451347731
1554862976
510894573
1614409818
570441415
1673956660
629988257
1733503502
689535099
1793050344
749081941
1852597186
808628783
1912144028
868175625
1971690870
927722467
2031237712
987269309
2090784554
1046816151
2847748
1106362993
62394590
1165909835
121941432
1225456677
181488274
1285003519
241035116
1344550361
300581958
1404097203
360128800
1463644045
419675642
1523190887
479222484
1582737729
538769326
1642284571
598316168
1701831413
657863010
1761378255
717409852
1820925097
776956694
1880471939
836503536
1940018781
896050378
1999565623
955597220
2059112465
1015144062
2118659307
1074690904
30722501
1134237746
90269343
1193784588
149816185
1253331430
209363027
1312878272
268909869
1372425114
328456711
1431971956
388003553
1491518798
447550395
1551065640
507097237
1610612482
566644079
1670159324
626190921
1729706166
685737763
1789253008
745284605
1848799850
804831447
1908346692
864378289
1967893534
923925131
2027440376
983471973
2086987218
1043018815
2146534060
1102565657
58597254
1162112499
118144096
1221659341
177690938
1281206183
237237780
1340753025
296784622
1400299867
356331464
1459846709
415878306
1519393551
475425148
1578940393
534971990
1638487235
594518832
1698034077
654065674
1757580919
713612516
1817127761
773159358
1876674603
832706200
1936221445
892253042
1995768287
951799884
2055315129
1011346726
2114861971
1070893568
26925165
1130440410
86472007
1189987252
146018849
1249534094
205565691
1309080936
265112533
1368627778
324659375
1428174620
384206217
1487721462
443753059
1547268304
503299901
1606815146
562846743
1666361988
622393585
1725908830
681940427
1785455672
741487269
1845002514
801034111
1904549356
860580953
1964096198
920127795
2023643040
979674637
2083189882
1039221479
2142736724
1098768321
54799918
1158315163
114346760
1217862005
173893602
1277408847
233440444
1336955689
292987286
1396502531
352534128
1456049373
412080970
1515596215
471627812
1575143057
531174654
1634689899
590721496
1694236741
650268338
1753783583
709815180
1813330425
769362022
1872877267
828908864
1932424109
888455706
1991970951
948002548
2051517793
1007549390
2111064635
1067096232
23127829
1126643074
82674671
1186189916
142221513
1245736758
201768355
1305283600
261315197
1364830442
320862039
1424377284
380408881
1483924126
439955723
1543470968
499502565
1603017810
559049407
1662564652
618596249
1722111494
678143091
1781658336
737689933
1841205178
797236775
1900752020
856783617
1960298862
916330459
2019845704
975877301
2079392546
1035424143
2138939388
1094970985
51002582
1154517827
110549424
1214064669
170096266
1273611511
229643108
1333158353
289189950
1392705195
348736792
1452252037
408283634
1511798879
467830476
1571345721
527377318
1630892563
586924160
1690439405
646471002
1749986247
706017844
1809533089
765564686
1869079931
825111528
1928626773
884658370
1988173615
944205212
2047720457
1003752054
2107267299
1063298896
19330493
1122845738
78877335
1182392580
138424177
1241939422
197971019
1301486264
257517861
1361033106
317064703
1420579948
376611545
1480126790
436158387
1539673632
495705229
1599220474
555252071
1658767316
614798913
1718314158
674345755
1777861000
733892597
1837407842
793439439
1896954684
852986281
1956501526
912533123
2016048368
972079965
2075595210
1031626807
2135142052
1091173649
47205246
1150720491
106752088
1210267333
166298930
1269814175
225845772
1329361017
285392614
1388907859
344939456
1448454701
404486298
1508001543
464033140
1567548385
523579982
1627095227
583126824
1686642069
642673666
1746188911
702220508
1805735753
761767350
1865282595
821314192
1924829437
880861034
1984376279
940407876
2043923121
999954718
2103469963
1059501560
15533157
1119048402
75079999
1178595244
134626841
1238142086
194173683
1297688928
253720525
1357235770
313267367
1416782612
372814209
1476329454
432361051
1535876296
491907893
1595423138
551454735
1654969980
611001577
1714516822
670548419
1774063664
730095261
1833610506
789642103
1893157348
849188945
1952704190
908735787
2012251032
968282629
2071797874
1027829471
2131344716
1087376313
43407910
1146923155
102954752
1206469997
162501594
1266016839
222048436
1325563681
281595278
1385110523
341142120
1444657365
400688962
1504204207
460235804
1563751049
519782646
1623297891
579329488
1682844733
638876330
1742391575
698423172
1801938417
757970014
1861485259
817516856
1921032101
877063698
1980578943
936610540
2040125785
996157382
2099672627
1055704224
11735821
1115251066
71282663
1174797908
130829505
1234344750
190376347
1293891592
249923189
1353438434
309470031
1412985276
369016873
1472532118
428563715
1532078960
488110557
1591625802
547657399
1651172644
607204241
1710719486
666751083
1770266328
726297925
1829813170
785844767
1889360012
845391609
1948906854
904938451
2008453696
964485293
2068000538
1024032135
2127547380
1083578977
39610574
1143125819
99157416
1202672661
158704258
1262219503
218251100
1321766345
277797942
1381313187
337344784
1440860029
396891626
1500406871
456438468
1559953713
515985310
1619500555
575532152
1679047397
635078994
1738594239
694625836
1798141081
754172678
1857687923
813719520
1917234765
873266362
1976781607
932813204
2036328449
992360046
2095875291
1051906888
7938485
1111453730
67485327
1171000572
127032169
1230547414
186579011
1290094256
246125853
1349641098
305672695
1409187940
365219537
1468734782
424766379
1528281624
484313221
1587828466
543860063
1647375308
603406905
1706922150
662953747
1766468992
722500589
1826015834
782047431
1885562676
841594273
1945109518
901141115
2004656360
960687957
2064203202
1020234799
2123750044
1079781641
35813238
1139328483
95360080
1198875325
154906922
1258422167
214453764
1317969009
274000606
1377515851
333547448
1437062693
393094290
1496609535
452641132
1556156377
512187974
1615703219
571734816
1675250061
631281658
1734796903
690828500
1794343745
750375342
1853890587
809922184
1913437429
869469026
1972984271
929015868
2032531113
988562710
2092077955
1048109552
4141149
1107656394
63687991
1167203236
123234833
1226750078
182781675
1286296920
242328517
1345843762
301875359
1405390604
361422201
1464937446
420969043
1524484288
480515885
1584031130
540062727
1643577972
599609569
1703124814
659156411
1762671656
718703253
1822218498
778250095
1881765340
837796937
1941312182
897343779
2000859024
956890621
2060405866
1016437463
2119952708
1075984305
32015902
1135531147
91562744
1195077989
151109586
1254624831
210656428
1314171673
270203270
1373718515
329750112
1433265357
389296954
1492812199
448843796
1552359041
508390638
1611905883
567937480
1671452725
627484322
1730999567
687031164
1790546409
746578006
1850093251
806124848
1909640093
865671690
1969186935
925218532
2028733777
984765374
2088280619
1044312216
343813
1103859058
59890655
1163405900
119437497
1222952742
178984339
1282499584
238531181
1342046426
298078023
1401593268
357624865
1461140110
417171707
1520686952
476718549
1580233794
536265391
1639780636
595812233
1699327478
655359075
1758874320
714905917
1818421162
774452759
1877968004
833999601
1937514846
893546443
1997061688
953093285
2056608530
1012640127
2116155372
1072186969
28218566
1131733811
87765408
1191280653
147312250
1250827495
206859092
1310374337
266405934
1369921179
325952776
1429468021
385499618
1489014863
445046460
1548561705
504593302
1608108547
564140144
1667655389
623686986
1727202231
683233828
1786749073
742780670
1846295915
802327512
1905842757
861874354
1965389599
921421196
2024936441
980968038
2084483283
1040514880
2144030125
1100061722
56093319
1159608564
115640161
1219155406
175187003
1278702248
234733845
1338249090
294280687
1397795932
353827529
1457342774
413374371
1516889616
472921213
1576436458
532468055
1635983300
592014897
1695530142
651561739
1755076984
711108581
1814623826
770655423
1874170668
830202265
1933717510
889749107
1993264352
949295949
2052811194
1008842791
2112358036
1068389633
24421230
1127936475
83968072
1187483317
143514914
1247030159
203061756
1306577001
262608598
1366123843
322155440
1425670685
381702282
1485217527
441249124
1544764369
500795966
1604311211
560342808
1663858053
619889650
1723404895
679436492
1782951737
738983334
1842498579
798530176
1902045421
858077018
1961592263
917623860
2021139105
977170702
2080685947
1036717544
2140232789
1096264386
52295983
1155811228
111842825
1215358070
171389667
1274904912
230936509
1334451754
290483351
1393998596
350030193
1453545438
409577035
1513092280
469123877
1572639122
528670719
1632185964
588217561
1691732806
647764403
1751279648
707311245
1810826490
766858087
1870373332
826404929
1929920174
885951771
1989467016
945498613
2049013858
1005045455
2108560700
1064592297
20623894
1124139139
80170736
1183685981
139717578
1243232823
199264420
1302779665
258811262
1362326507
318358104
1421873349
377904946
1481420191
437451788
1540967033
496998630
1600513875
556545472
1660060717
616092314
1719607559
675639156
1779154401
735185998
1838701243
794732840
1898248085
854279682
1957794927
913826524
2017341769
973373366
2076888611
1032920208
2136435453
1092467050
48498647
1152013892
108045489
1211560734
167592331
1271107576
227139173
1330654418
286686015
1390201260
346232857
1449748102
405779699
1509294944
465326541
1568841786
524873383
1628388628
584420225
1687935470
643967067
1747482312
703513909
1807029154
763060751
1866575996
822607593
1926122838
882154435
1985669680
941701277
2045216522
1001248119
2104763364
1060794961
16826558
1120341803
76373400
1179888645
135920242
1239435487
195467084
1298982329
255013926
1358529171
314560768
1418076013
374107610
1477622855
433654452
1537169697
493201294
1596716539
552748136
1656263381
612294978
1715810223
671841820
1775357065
731388662
1834903907
790935504
1894450749
850482346
1953997591
910029188
2013544433
969576030
2073091275
1029122872
2132638117
1088669714
44701311
1148216556
104248153
1207763398
163794995
1267310240
223341837
1326857082
282888679
1386403924
342435521
1445950766
401982363
1505497608
461529205
1565044450
521076047
1624591292
580622889
1684138134
640169731
1743684976
699716573
1803231818
759263415
1862778660
818810257
1922325502
878357099
1981872344
937903941
2041419186
997450783
2100966028
1056997625
13029222
1116544467
72576064
1176091309
132122906
1235638151
191669748
1295184993
251216590
1354731835
310763432
1414278677
370310274
1473825519
429857116
1533372361
489403958
1592919203
548950800
1652466045
608497642
1712012887
668044484
1771559729
727591326
1831106571
787138168
1890653413
846685010
1950200255
906231852
2009747097
965778694
2069293939
1025325536
2128840781
1084872378
40903975
1144419220
100450817
1203966062
159997659
1263512904
219544501
1323059746
279091343
1382606588
338638185
1442153430
398185027
1501700272
457731869
1561247114
517278711
1620793956
576825553
1680340798
636372395
1739887640
695919237
1799434482
755466079
1858981324
815012921
1918528166
874559763
1978075008
934106605
2037621850
993653447
2097168692
1053200289
9231886
1112747131
68778728
1172293973
128325570
1231840815
187872412
1291387657
247419254
1350934499
306966096
1410481341
366512938
1470028183
426059780
1529575025
485606622
1589121867
545153464
1648668709
604700306
1708215551
664247148
1767762393
723793990
1827309235
783340832
1886856077
842887674
1946402919
902434516
2005949761
961981358
2065496603
1021528200
2125043445
1081075042
37106639
1140621884
96653481
1200168726
156200323
1259715568
215747165
1319262410
275294007
1378809252
334840849
1438356094
394387691
1497902936
453934533
1557449778
513481375
1616996620
573028217
1676543462
632575059
1736090304
692121901
1795637146
751668743
1855183988
811215585
1914730830
870762427
1974277672
930309269
2033824514
989856111
2093371356
1049402953
5434550
1108949795
64981392
1168496637
124528234
1228043479
184075076
1287590321
243621918
1347137163
303168760
1406684005
362715602
1466230847
422262444
1525777689
481809286
1585324531
541356128
1644871373
600902970
1704418215
660449812
1763965057
719996654
1823511899
779543496
1883058741
839090338
1942605583
898637180
2002152425
958184022
2061699267
1017730864
2121246109
1077277706
33309303
1136824548
92856145
1196371390
152402987
1255918232
211949829
1315465074
271496671
1375011916
331043513
1434558758
390590355
1494105600
450137197
1553652442
509684039
1613199284
569230881
1672746126
628777723
1732292968
688324565
1791839810
747871407
1851386652
807418249
1910933494
866965091
1970480336
926511933
2030027178
986058775
2089574020
1045605617
1637214
1105152459
61184056
1164699301
120730898
1224246143
180277740
1283792985
239824582
1343339827
299371424
1402886669
358918266
1462433511
418465108
1521980353
478011950
1581527195
537558792
1641074037
597105634
1700620879
656652476
1760167721
716199318
1819714563
775746160
1879261405
835293002
1938808247
894839844
1998355089
954386686
2057901931
1013933528
2117448773
1073480370
29511967
1133027212
89058809
1192574054
148605651
1252120896
208152493
1311667738
267699335
1371214580
327246177
1430761422
386793019
1490308264
446339861
1549855106
505886703
1609401948
565433545
1668948790
624980387
1728495632
684527229
1788042474
744074071
1847589316
803620913
1907136158
863167755
1966683000
922714597
2026229842
982261439
2085776684
1041808281
2145323526
1101355123
57386720
1160901965
116933562
1220448807
176480404
1279995649
236027246
1339542491
295574088
1399089333
355120930
1458636175
414667772
1518183017
474214614
1577729859
533761456
1637276701
593308298
1696823543
652855140
1756370385
712401982
1815917227
771948824
1875464069
831495666
1935010911
891042508
1994557753
950589350
2054104595
1010136192
2113651437
1069683034
25714631
1129229876
85261473
1188776718
144808315
1248323560
204355157
1307870402
263901999
1367417244
323448841
1426964086
382995683
1486510928
442542525
1546057770
502089367
1605604612
561636209
1665151454
621183051
1724698296
680729893
1784245138
740276735
1843791980
799823577
1903338822
859370419
1962885664
918917261
2022432506
978464103
2081979348
1038010945
2141526190
1097557787
53589384
1157104629
113136226
1216651471
172683068
1276198313
232229910
1335745155
291776752
1395291997
351323594
1454838839
410870436
1514385681
470417278
1573932523
529964120
1633479365
589510962
1693026207
649057804
1752573049
708604646
1812119891
768151488
1871666733
827698330
1931213575
887245172
1990760417
946792014
2050307259
1006338856
2109854101
1065885698
21917295
1125432540
81464137
1184979382
141010979
1244526224
200557821
1304073066
260104663
1363619908
319651505
1423166750
379198347
1482713592
438745189
1542260434
498292031
1601807276
557838873
1661354118
617385715
1720900960
676932557
1780447802
736479399
1839994644
796026241
1899541486
855573083
1959088328
915119925
2018635170
974666767
2078182012
1034213609
2137728854
1093760451
49792048
1153307293
109338890
1212854135
168885732
1272400977
228432574
1331947819
287979416
1391494661
347526258
1451041503
407073100
1510588345
466619942
1570135187
526166784
1629682029
585713626
1689228871
645260468
1748775713
704807310
1808322555
764354152
1867869397
823900994
1927416239
883447836
1986963081
942994678
2046509923
1002541520
2106056765
1062088362
18119959
1121635204
77666801
1181182046
137213643
1240728888
196760485
1300275730
256307327
1359822572
315854169
1419369414
375401011
1478916256
434947853
1538463098
494494695
1598009940
554041537
1657556782
613588379
1717103624
673135221
1776650466
732682063
1836197308
792228905
1895744150
851775747
1955290992
911322589
2014837834
970869431
2074384676
1030416273
2133931518
1089963115
45994712
1149509957
105541554
1209056799
165088396
1268603641
224635238
1328150483
284182080
1387697325
343728922
1447244167
403275764
1506791009
462822606
1566337851
522369448
1625884693
581916290
1685431535
641463132
1744978377
701009974
1804525219
760556816
1864072061
820103658
1923618903
879650500
1983165745
939197342
2042712587
998744184
2102259429
1058291026
14322623
1117837868
73869465
1177384710
133416307
1236931552
192963149
1296478394
252509991
1356025236
312056833
1415572078
371603675
1475118920
431150517
1534665762
490697359
1594212604
550244201
1653759446
609791043
1713306288
669337885
1772853130
728884727
1832399972
788431569
1891946814
847978411
1951493656
907525253
2011040498
967072095
2070587340
1026618937
2130134182
1086165779
42197376
1145712621
101744218
1205259463
161291060
1264806305
220837902
1324353147
280384744
1383899989
339931586
1443446831
399478428
1502993673
459025270
1562540515
518572112
1622087357
578118954
1681634199
637665796
1741181041
697212638
1800727883
756759480
1860274725
816306322
1919821567
875853164
1979368409
935400006
2038915251
994946848
2098462093
1054493690
10525287
1114040532
70072129
1173587374
129618971
1233134216
189165813
1292681058
248712655
1352227900
308259497
1411774742
367806339
1471321584
427353181
1530868426
486900023
1590415268
546446865
1649962110
605993707
1709508952
665540549
1769055794
725087391
1828602636
784634233
1888149478
844181075
1947696320
903727917
2007243162
963274759
2066790004
1022821601
2126336846
1082368443
38400040
1141915285
97946882
1201462127
157493724
1261008969
217040566
1320555811
276587408
1380102653
336134250
1439649495
395681092
1499196337
455227934
1558743179
514774776
1618290021
574321618
1677836863
633868460
1737383705
693415302
1796930547
752962144
1856477389
812508986
1916024231
872055828
1975571073
931602670
2035117915
991149512
2094664757
1050696354
6727951
1110243196
66274793
1169790038
125821635
1229336880
185368477
1288883722
244915319
1348430564
304462161
1407977406
364009003
1467524248
423555845
1527071090
483102687
1586617932
542649529
1646164774
602196371
1705711616
661743213
1765258458
721290055
1824805300
780836897
1884352142
840383739
1943898984
899930581
2003445826
959477423
2062992668
1019024265
2122539510
1078571107
34602704
1138117949
94149546
1197664791
153696388
1257211633
213243230
1316758475
272790072
1376305317
332336914
1435852159
391883756
1495399001
451430598
1554945843
510977440
1614492685
570524282
1674039527
630071124
1733586369
689617966
1793133211
749164808
1852680053
808711650
1912226895
868258492
1971773737
927805334
2031320579
987352176
2090867421
1046899018
2930615
1106445860
62477457
1165992702
122024299
1225539544
181571141
1285086386
241117983
1344633228
300664825
1404180070
360211667
1463726912
419758509
1523273754
479305351
1582820596
538852193
1642367438
598399035
1701914280
657945877
1761461122
717492719
1821007964
777039561
1880554806
836586403
1940101648
896133245
1999648490
955680087
2059195332
1015226929
2118742174
1074773771
30805368
1134320613
90352210
1193867455
149899052
1253414297
209445894
1312961139
268992736
1372507981
328539578
1432054823
388086420
1491601665
447633262
1551148507
507180104
1610695349
566726946
1670242191
626273788
1729789033
685820630
1789335875
745367472
1848882717
804914314
1908429559
864461156
1967976401
924007998
2027523243
983554840
2087070085
1043101682
2146616927
1102648524
58680121
1162195366
118226963
1221742208
177773805
1281289050
237320647
1340835892
296867489
1400382734
356414331
1459929576
415961173
1519476418
475508015
1579023260
535054857
1638570102
594601699
1698116944
654148541
1757663786
713695383
1817210628
773242225
1876757470
832789067
1936304312
892335909
1995851154
951882751
2055397996
1011429593
2114944838
1070976435
27008032
1130523277
86554874
1190070119
146101716
1249616961
205648558
1309163803
265195400
1368710645
324742242
1428257487
384289084
1487804329
443835926
1547351171
503382768
1606898013
562929610
1666444855
622476452
1725991697
682023294
1785538539
741570136
1845085381
801116978
1904632223
860663820
